    7
BBOV_III00  0.000000  1.329533  1.033206  0.953535  7.704674  0.888455
 21.669108
BBOV_IV004  1.329533  0.000000  1.393927  1.302080  6.666234  1.214122
  6.324671
Chro.40322  1.033206  1.393927  0.000000  0.026922 34.143661  1.021257
  2.914235
CMU_017970  0.953535  1.302080  0.026922  0.000000  9.393488  1.025114
  2.821461
cgd4_2860	  7.704674  6.666234 34.143661  9.393488  0.000000 38.366981
  6.482644
ETH_000333  0.888455  1.214122  1.021257  1.025114 38.366981  0.000000
  8.733586
NCLIV_0316 21.669108  6.324671  2.914235  2.821461  6.482644  8.733586
  0.000000
