    7
BBOV_III00  0.000000 1860.835117 1871.244068 1981.030786 1895.099534 1650.612936
 1863.320725
BBOV_IV004 1860.835117  0.000000 1835.782374 1923.928123 1793.874973 1404.869588
 1656.169896
Chro.40322 1871.244068 1835.782374  0.000000  0.684051 1906.476388 1911.049222
 1578.254304
CMU_017970 1981.030786 1923.928123  0.684051  0.000000 1882.802327 1807.628509
 1544.651658
cgd4_2860	 1895.099534 1793.874973 1906.476388 1882.802327  0.000000 2000.338310
 1770.170885
ETH_000333 1650.612936 1404.869588 1911.049222 1807.628509 2000.338310  0.000000
 1863.679596
NCLIV_0316 1863.320725 1656.169896 1578.254304 1544.651658 1770.170885 1863.679596
  0.000000
