    7
BBOV_III00  0.000000  4.060590  2.847001  2.666771 34.590285  2.476973
 97.994107
BBOV_IV004  4.060590  0.000000  4.160402  3.947387 15.622916  3.326390
 18.818216
Chro.40322  2.847001  4.160402  0.000000  0.087905 24.275580  2.886684
  8.164240
CMU_017970  2.666771  3.947387  0.087905  0.000000 22.846453  2.884604
  7.949869
cgd4_2860	 34.590285 15.622916 24.275580 22.846453  0.000000 42.193749
 92.707887
ETH_000333  2.476973  3.326390  2.886684  2.884604 42.193749  0.000000
 23.746554
NCLIV_0316 97.994107 18.818216  8.164240  7.949869 92.707887 23.746554
  0.000000
