    7
BBOV_III00  0.000000 2111.029346 1980.323363 2114.748962 2154.014377 1830.507883
 2029.549375
BBOV_IV004 2111.029346  0.000000 2130.100769 2248.849353 1967.128664 1631.922396
 1865.952826
Chro.40322 1980.323363 2130.100769  0.000000  0.691472 2114.555515 2024.200804
 1826.888796
CMU_017970 2114.748962 2248.849353  0.691472  0.000000 2081.561009 1921.527615
 1793.570684
cgd4_2860	 2154.014377 1967.128664 2114.555515 2081.561009  0.000000 2318.509148
 1942.101776
ETH_000333 1830.507883 1631.922396 2024.200804 1921.527615 2318.509148  0.000000
 2102.261996
NCLIV_0316 2029.549375 1865.952826 1826.888796 1793.570684 1942.101776 2102.261996
  0.000000
