    7
BBOV_III00  0.000000 1861.433541 1808.789263 1912.864449 1953.061080 1665.408410
 1813.684740
BBOV_IV004 1861.433541  0.000000 1917.270128 2008.151145 1815.666487 1452.304970
 1650.396901
Chro.40322 1808.789263 1917.270128  0.000000  0.699239 1942.997483 1853.256437
 1629.376086
CMU_017970 1912.864449 2008.151145  0.699239  0.000000 1910.178677 1760.519819
 1594.884235
cgd4_2860	 1953.061080 1815.666487 1942.997483 1910.178677  0.000000 2105.086193
 1759.317083
ETH_000333 1665.408410 1452.304970 1853.256437 1760.519819 2105.086193  0.000000
 1886.627087
NCLIV_0316 1813.684740 1650.396901 1629.376086 1594.884235 1759.317083 1886.627087
  0.000000
