    7
BBOV_III00  0.000000 1970.545349 1902.364736 2017.806010 1973.209296 1751.321307
 1841.199113
BBOV_IV004 1970.545349  0.000000 1992.047565 2090.813962 1847.716130 1515.218983
 1725.259018
Chro.40322 1902.364736 1992.047565  0.000000  0.691139 1985.694649 1974.922392
 1669.187381
CMU_017970 2017.806010 2090.813962  0.691139  0.000000 1953.668004 1882.233540
 1634.729224
cgd4_2860	 1973.209296 1847.716130 1985.694649 1953.668004  0.000000 2141.968000
 1861.678091
ETH_000333 1751.321307 1515.218983 1974.922392 1882.233540 2141.968000  0.000000
 1936.760929
NCLIV_0316 1841.199113 1725.259018 1669.187381 1634.729224 1861.678091 1936.760929
  0.000000
